Title line:""
Pocc18
Pocc26
Pocc31
Pocc27
Pocc43
Pocc02
Pocc47
Pocc03
Pocc15
Pocc25
Pocc28
Pocc09
Pocc21
Pocc34
Pocc45
Pocc16
Pocc38
Pocc44
Pocc07
Pocc29
Pocc40
Pooc-4-44
Pooc-G49
Pooc-G53
Pooc-OO56
Pooc-C15
Pooc-G10
Pooc-LL53
Pop
C18PRK ,  296296 216216 157157 166166 189189 203203 250250 181192 149159 364372 246246 177216 127131 261265 162162 174174 241253 340403 169169 185185 192192 107107 149159 101101 149149 229235 192192 142142
C18PRK ,  296304 212216 131157 141166 189189 199203 250254 181192 143149 360360 207246 177177 127127 261269 162162 170174 253261 336340 169169 185185 192192 107107 149159 101101 149149 235235 192192 142151
C18PRK ,  296296 204216 157157 145145 189189 199203 250254 192196 143149 356372 246246 177177 127127 261265 162162 170174 241245 332340 169169 185185 192192 107107 159159 101101 149149 235251 192192 142166
C18PRK ,  296296 204212 131148 141166 189189 199203 254274 192192 143143 356372 246246 177177 127127 265265 162162 174178 245253 336348 169169 185185 192192 107107 149159 101101 149149 235235 192192 142166
C18PRK ,  299308 200204 157157 145174 189189 199203 250250 192192 159159 360360 246246 177177 127127 261265 162162 170174 245253 336340 169169 185204 192192 107107 159159 101101 149149 235235 192192 164166
C18PRK ,  299308 208216 157173 145150 189189 203203 250250 181192 143143 360360 246246 177177 127131 265269 162162 170174 241241 340403 169169 185185 192192 107107 149159 101101 149149 219235 192192 142142
C18PRK ,  299308 200208 157173 154174 189189 203203 250254 192192 143149 360360 246246 177177 127127 265265 162162 170174 253253 336340 169169 185204 192192 107107 149159 101101 149149 219235 192192 142166
C18PRK ,  296304 204216 157157 145150 189189 199203 250274 181192 143143 356356 238246 177177 127127 265269 162162 174174 241245 336336 169169 185185 192192 107107 159159 101101 149149 219235 192192 166166
C18PRK ,  299308 208216 157173 150166 189189 203203 250254 181192 149149 364372 207246 177177 127127 265269 162162 170174 241241 340340 169169 185185 192192 107107 149159 101101 149149 219235 192192 142142
C18PRK ,  296304 200216 148157 145145 189189 203203 250254 181192 143159 356356 246246 177177 127131 265265 162162 174174 238245 348403 169169 185204 192192 107107 159159 101101 149149 235251 192192 142142
C18PRK ,  304304 216216 157157 145166 189189 203203 274274 192196 149149 360372 246246 177212 127131 261265 162162 170174 245253 336340 169169 185185 192192 107107 159159 101101 149149 219235 192192 142166
C18PRK ,  296299 204216 157157 141166 189189 199203 250250 181196 149159 356360 207238 177216 127131 265269 162162 170174 253261 340403 169169 185185 192192 107107 149159 101101 149149 229235 192192 151151
C18PRK ,  296299 212216 157157 141145 189189 199199 250254 181196 143149 360360 246246 177177 127127 265265 162162 170178 261261 336403 169169 185185 192192 107107 159159 101101 149149 235235 192192 142142
C18PRK ,  296296 200216 157157 128154 189189 203203 250250 192192 143159 360368 207246 177177 127127 261269 162162 170170 241245 336340 169169 185185 192192 107107 149159 101101 149149 235235 192192 142142
C18PRK ,  296304 200204 157157 145145 189189 199203 258274 192192 143143 356356 238246 177212 127127 265265 162162 174174 241245 336348 169169 185185 192192 107107 159159 101101 149149 219219 192192 166166
C18PRK ,  296308 200204 148157 166170 189189 203203 250254 192192 143149 360372 207246 177177 127127 265265 162162 174174 241241 340340 169169 185185 192192 107107 149159 101101 149149 219251 192192 151166
C18PRK ,  296296 204216 157157 128145 189189 203203 250250 181192 149149 360372 246246 177177 127127 261269 162162 170174 245265 340348 169169 185185 192192 107107 159159 101101 149149 219235 192192 142142
C18PRK ,  304304 204212 148157 145150 189189 203203 250250 192192 143143 356360 246246 177177 127127 265269 162162 174186 245253 336348 169169 185185 192192 107107 149159 101101 149149 219251 192192 166168
C18PRK ,  296308 200204 148157 128137 189189 203203 254274 192196 149149 356356 207246 177177 127131 265269 162162 170170 249249 336336 169169 185204 192192 107107 159159 101101 149149 219235 192192 142142
C18PRK ,  296304 216216 148157 128145 189189 199203 250274 192192 149159 360372 238246 177177 127127 265265 162162 170174 241265 340403 169169 185185 192192 107107 159159 101101 149149 219251 192192 142166
C18PRK ,  296304 204216 131157 150166 189189 199203 254274 192192 143149 360372 000000 177212 127127 265265 162162 174174 241249 340403 169169 185185 192192 107107 149159 101101 149149 235235 192192 142142
C18PRK ,  304308 200216 131157 145150 189189 199203 250254 192196 143149 360360 238246 177212 127127 261265 162162 170174 249253 340403 169169 185204 192192 107107 149159 101101 149149 235235 192192 142166
C18PRK ,  296299 200200 157157 128154 189189 199203 250250 181192 143159 372376 246246 177177 127127 261261 162162 170170 241245 336340 169169 185185 192192 107107 149159 101101 149149 235235 192192 142166
C18PRK ,  296296 204212 157157 145166 189189 203203 250250 192192 149149 360372 246246 177177 127127 265265 162162 174174 241253 332340 169169 185185 192192 107107 149159 101101 149149 219235 192192 164166
C18PRK ,  296304 216216 157157 166166 189189 203203 250250 181192 143149 356364 246246 177216 127131 261269 162162 174174 241253 336340 169169 185185 192192 107107 159159 101101 149149 219235 192192 151166
C18PRK ,  296296 204216 157173 145145 189189 199203 250250 192192 143143 356372 246246 177177 127127 261265 162162 170174 241245 332340 169169 185185 192192 107107 149159 101101 149149 219235 192192 142166
C18PRK ,  296304 200216 157157 145166 189189 199203 258274 192196 143143 356372 207246 177177 127127 265265 162162 170174 241245 340348 169169 185185 192192 107107 159159 101101 149149 235235 192192 142142
C18PRK ,  296308 200216 157157 150154 189189 199203 250254 181192 159159 360376 246246 177216 127127 261269 162162 170170 241253 336340 169169 185204 192192 107107 159159 101101 149149 235235 192192 142142
C18PRK ,  296304 200204 157157 145166 189189 203203 250274 192192 149159 356360 246246 177177 127127 261265 162162 166174 241245 332348 169169 185185 192192 107107 149159 101101 149149 235235 192192 142164
C18PRK ,  296304 200204 148157 141166 189189 203203 250274 181192 143149 356372 246246 177177 127131 261261 162162 170174 241245 336340 169169 185185 192192 107107 149159 101101 149149 235251 192192 142142
C18PRK ,  296304 200204 148157 150166 189189 199203 250258 192192 149159 356356 246246 177177 127127 265265 162162 174174 245245 336340 169169 185185 192192 107107 159159 101101 149149 219251 192192 000000
C18PRK ,  304304 204220 148157 145174 189189 203203 254274 192192 143149 356368 246246 177177 127127 261265 162162 174174 241245 340340 169169 185185 192192 107107 159159 101101 149149 219251 192192 142168
C18PRK ,  296308 216216 131157 145150 189189 203203 250250 192192 149149 372372 246246 177212 127127 265265 162162 174174 249261 340403 169169 185185 192192 107107 149149 101101 149149 235235 192192 142164
C18PRK ,  296304 204208 157157 145145 189189 203203 250250 181192 149149 364372 246246 177212 127127 265265 162162 174178 245245 348403 169169 185185 192192 107107 149159 101101 149149 219235 192192 142142
C18PRK ,  296299 200208 148157 145166 189189 199203 254274 192192 143149 356360 207246 177177 127127 261269 162162 166170 261261 340348 169169 185185 192192 107107 159159 101101 149149 235251 192192 142142
C18PRK ,  304308 200212 157157 145174 189189 203203 250254 192192 143159 360360 207238 177177 127127 265265 162162 170178 241241 336340 169169 185185 192192 107107 149159 101101 149149 219235 192192 142142
C18PRK ,  296296 208216 157157 145166 189189 203203 250250 181192 143149 356360 207238 177177 127127 265265 162162 166174 241253 336348 169169 185185 192192 107107 159159 101101 149149 219219 192192 142151
C18PRK ,  304308 216220 148173 145166 189189 203203 250254 192192 143149 360360 246246 177177 127131 269269 162162 166174 241245 336340 169169 185185 192192 107107 159159 101101 149149 219251 192192 142164
C18PRK ,  296304 216216 157157 141145 189189 203203 250254 181181 149159 356360 207246 177216 127131 265269 162162 170174 241253 336403 169169 185185 192192 107107 159159 101101 149149 229235 192192 142151
C18PRK ,  304308 200216 148157 145166 189189 203203 250258 192192 143143 356360 207246 177177 127127 261261 162162 174178 241241 336340 169169 185185 192192 107107 149159 101101 149149 219251 192192 142142
C18PRK ,  296299 212216 157157 141145 189189 203203 250250 181196 149159 372372 246246 177177 127127 261265 162162 174178 241253 336340 169169 185185 192192 107107 149159 101101 149149 219235 192192 166166
C18PRK ,  296296 200216 157157 128145 189189 203203 250254 192192 159159 360368 207246 177177 127127 265269 162162 170170 241245 336340 169169 185185 192192 107107 149159 101101 149149 235235 192192 142142
C18PRK ,  296308 216216 157173 145150 189189 203203 250274 192192 143149 356364 246246 177177 127131 265269 162162 174174 241245 340340 169169 185185 192192 107107 159159 101101 149149 219235 192192 164166
C18PRK ,  296304 200220 157157 141145 189189 199203 250250 181181 159159 360372 207246 177177 127127 265265 162162 166186 241245 332336 169169 185204 192192 107107 159159 101101 149149 235235 192192 142142
C18PRK ,  296304 200200 157157 145154 189189 199199 250258 192192 149159 356372 207246 177177 127127 261265 162162 170170 245253 340340 169169 185204 192192 107107 149159 101101 149149 235235 192192 151166
C18PRK ,  296304 200216 131157 145166 189189 199199 250274 192196 143143 360360 238246 177212 127127 261265 162162 170174 241249 340403 169169 185185 192192 107107 149149 101101 149149 235235 192192 142166
C18PRK ,  296299 216216 157157 145150 189189 203203 250254 181192 143143 360360 238246 177177 127127 265265 162162 170174 249253 340403 169169 185185 192192 107107 149149 101101 149149 219235 192192 142151
C18PRK ,  296308 216216 148157 145150 189189 203203 250274 192192 143149 356364 246246 177177 127127 265265 162162 174174 238245 336340 169169 185185 192192 107107 159159 101101 149149 235251 192192 164166
C18PRK ,  296304 200204 148157 141145 189189 203203 254274 181192 143159 356356 246246 177177 127127 265265 162162 166174 238245 340348 169169 185185 192192 107107 159159 101101 149149 235251 192192 166166
C18PRK ,  296304 204208 157157 141145 189189 199203 250254 181181 149159 356364 238246 177216 127131 265269 162162 170174 241245 336403 169169 185185 192192 107107 149159 101101 149149 213229 192192 142142
